195400260
589673557
6441594
889688008
57716395
1524325968
2014119113
515204530
388471006
681910962
1904797942
1400285365
322842082
1463179852
828530767
832633821
1073185695
316824712
1260973671
1815859901
1267248590
2051724831
1194314738
318153057
2111631616
877819790
304555640
1213110679
541437335
1049077006
996497972
2063936098
270649095
428975319
685583454
1351345223
272112289
1398556760
1334948905
1724586126
532236123
1023129506
836045813
436476770
60935238
1936329094
915896220
304987844
2034712366
881140534
281725226
1901915394
197941363
348318738
152607844
784559590
543436550
290145159
1681808623
977764947
750597385
971307217
1737195272
2000755539
1399399247
462242385
1459413496
1951894885
537140623
1848682420
1012028144
1086531968
1289335735
1755699915
1623161625
992663534
2043046042
1358796011
943454679
1771024152
1479575244
1507977295
2119878818
2049590396
1828087692
621301815
1154112991
1104740033
222122669
889119397
1238489553
1882410547
944975825
1567121210
1866729662
1536830211
1719533808
1517273377
1592822761
41000625
1902737335
1127401868
994977995
140002776
1532062767
1049997439
1433829874
1464689331
428540556
1968456301
1859468872
1911300560
1168120094
298918984
967113755
2124639789
462851407
957828015
678030193
1105222769
1893015680
944303455
1004016855
1732267506
784170963
454233502
2145586676
329863108
