1262275345
70774702
1951959723
1626872889
1090851819
878627494
994734886
349037107
1488817392
74452500
1487684946
368785401
538429365
2033732744
1596502756
1761134474
619997917
714335775
1407783695
1793222866
911206864
947876491
926490791
126799940
822813756
1383594059
1112419897
448578097
1584475309
1479295563
1102346022
788169085
1078676899
265693519
892471720
1746407392
62550148
1160834053
248995776
1573862876
1357276833
1180433797
1096895193
1517882903
1099708008
1548224374
2095186766
1514616303
2032536630
820767581
1353269186
395903725
1049567669
653136425
1474975158
1503743185
1824152399
1052825421
1719083114
384910260
965995056
502534872
50410053
1133203853
1872175775
727854581
985089555
1448716162
402945048
1281482745
766999452
1762940470
908601631
111398400
1814652263
297829547
1984298919
1838377370
1761228201
47783959
2093598582
591811579
1580438996
212976029
1780363501
1679707656
26550930
1712365581
1299966420
36996362
1175082151
1346094045
62393170
669988454
1239185157
688525093
1399348015
1748669808
1579753861
1582813966
1474391173
278641878
1619693086
678987030
6913052
223548026
1222774379
1897969710
454823432
1323121951
517465772
1885943301
190430187
809518879
1274895608
1726137537
836997036
1391296202
1713318478
135437123
2106544088
1271082574
2064984509
711423596
1854915123
538368762
1015178123
341137846
1869923879
1534944155
85361674
154578722
1696851431
399168657
88704971
510796579
1465966194
413940527
1398904656
739586036
587158216
680778347
48806813
2104836584
490350257
1422015860
475051557
1994802600
132601236
1688431513
619527533
1398526475
825948910
389036162
1590553266
552303806
1145745108
52167507
605962173
1038787537
2007567896
2078050055
1260723224
1901564466
742345408
1866766833
14079561
411980557
669943571
484836576
1095376114
1756525914
473341289
1167615735
412091859
393112638
1384408694
1919088460
1062852927
600168343
298650842
755418455
394652121
1488695711
176843580
92681612
774208809
524035690
637405483
1225521545
824948438
753972434
1861180938
621222764
1972986481
688792840
1604404550
1422600118
1704741175
2005593598
1108278274
1707280687
1737498842
660405588
1241229820
693437782
215049805
127094734
1482449220
418768046
930637903
1107834620
693238850
1166566975
2112935362
1315042342
14947070
2107302438
1131769142
1381308115
1347264735
410827177
612438734
368682267
952539874
1994557580
309517390
853380696
1873563006
420725881
1623716043
1720832272
1865721355
1770083638
704741975
1226060620
1295247375
180901986
1730318197
234389305
896040537
1597972595
694914783
1416685495
1081920176
1088358883
1929525082
377499827
972899151
575542599
878115305
976308951
2049476377
2059254006
1035623790
374079595
1471118396
1107653661
1946828231
1281232725
859880606
1595884379
2105490470
742794024
816721357
2067859122
1780404053
213781473
285075280
224214503
1686835083
1705615934
1675282582
816259857
753879563
300298041
522604637
208017829
52274687
259852786
1511519951
1531756094
190711622
1244629630
1999469630
1261963154
1266231506
2137463219
1237874717
138796483
585249139
807175913
551371692
512090639
1740396144
2110720068
589818083
288006429
95911865
1377979805
1242933387
1408000940
1149492287
753979197
1974846679
1888369568
166510363
368478900
1829517999
1038151447
2054221501
206174488
1283497205
264290320
931226244
258663572
851753076
287957430
1419869319
905358969
1446552988
553701629
1016636152
1223911132
1676024558
401748607
500251681
331524562
1360733216
1289804409
1042769245
208657548
66613685
737223708
1685700813
1969292867
887248105
1999939614
571049654
527116335
874198470
1718056163
304813979
1260046958
1272980039
1743424059
1461279945
1109048523
1767953748
1414902744
1183995177
823466737
1620827491
417579042
274400498
1201779777
1229012004
1507034382
1304725556
566900175
1653783133
252273210
823121292
109900670
264624270
101472953
353905353
1705049328
742270128
601535873
1807891082
479293771
279249300
1091216405
563773455
642607621
611025384
236828934
1096695847
314958328
2104912488
1766068785
1946584308
1476586158
662532774
485622923
1426608261
350123872
426723924
1501093335
237796389
176842856
80513344
273074998
398937747
502767895
1819343967
1841887383
624474576
791615943
1027960836
431830537
1428592146
1481024362
93499757
1639869942
488989596
28222903
1895928381
505945281
1534579294
395593788
135423804
1882691655
1374590687
116601983
1224442217
2012035565
2004235293
1901566256
772429938
691321851
1159819487
377054190
2073012680
349423832
1546053526
2116966429
345708707
1382973414
1418657617
2015119925
155982638
1670147526
410719545
950951357
1066156125
282442307
1068993879
731933551
820861641
786651959
1350143981
1557674465
2009076325
1660412494
2793893
1859803064
1085614563
902895429
844025501
1407106872
1155276940
1339878053
816914329
1016172232
2016742280
1653099359
1644985474
566390040
1669878776
188805589
1422187704
1215750018
1951134968
650117486
127791266
304160662
1017166374
1545417698
20539821
1615388027
1338304415
138584227
1312829841
1484148409
1059750158
2139020935
1648603765
1249464761
1659137761
53192832
658730272
1001481219
2065506194
889448803
332365254
457858131
787700516
1793372304
1275327683
398087474
1244615113
1755482411
115055544
1003245708
1656501759
847063805
932274672
699723792
637321172
1955990215
647875229
1096883513
1321577143
323681480
538556509
2023158305
2113049184
1080565049
1935059511
1052851209
5018383
592100848
2147215785
1940494307
53670760
101331580
125332989
1937572063
331639733
1148928566
2016938585
657430200
626007585
787094442
197021174
2062571391
956338663
1416294893
959523303
1253448198
2036770363
1110157761
1083563991
798670177
1476871089
1156400797
901189829
95293712
1726100569
215675860
2059266531
1246131465
1471006711
1378047513
233418096
1752800050
129770804
1362001123
1124680888
360623722
804043820
1597375816
1402268365
1438868377
247463372
1588552612
1287050380
2000444076
459607900
131297041
1243662618
779284475
2078891919
377545943
1747970763
568322781
1941202058
1211423582
103685467
1032406152
2129812551
1502116461
253605895
1746721617
1048762429
4369627
425876991
151592286
895945460
13456
226154992
2088379001
913143239
1280276411
1966980384
676051970
69483513
1725782670
1315198308
488783985
867486120
572739357
1008667245
434477297
815530879
1386848199
2117659702
1260129783
517536167
921588419
1484495969
458740137
579189829
2047567799
46554618
759417218
1029868805
286810815
1476063837
473818315
595057129
293823024
1218659915
1465649966
1541547472
1545644496
1684850160
557269778
856974279
2141370371
333385324
422305445
254160780
335255577
1790876558
131513954
594352115
1329554608
1256949621
755644608
2048121945
770151852
1058236095
314484211
578879010
1118600160
1241043282
1853260910
653298282
2047822110
25792301
1846989860
482459635
1948318020
550312684
2040696006
516446605
1936672708
248565777
789320624
1105240049
35956993
886276544
703299416
603291624
1252027081
1774377061
1997341985
2009855638
1873424203
235347507
1968156022
1107647013
1835095295
286484851
292554183
1368085698
308917857
1514447800
1347990356
1868921089
1860921801
560874499
1311978010
52326674
1133598295
2059111528
788479691
2004064647
1181002581
2066513293
635892520
1566956168
1240352415
979277476
401868524
368213053
1656394764
1196282487
1177855795
718088519
55642693
1031354806
1639709505
2087492231
1041585378
1786241349
1684451230
294904209
62783387
785914632
1842790974
778742984
1567987270
1390214553
713912911
743159388
514943164
290659938
1743764688
743780607
218352662
1951121158
418012816
1122389175
498508977
1106669492
438285377
393422029
141892290
1076869860
2107043751
1078984027
1132626521
758891439
783035740
701893364
594095777
1316249136
970181005
2136303011
1065611684
1869440655
2003332975
1768693159
957281539
83342649
580563899
1519242172
322621974
2058791990
1860455466
1313116742
2011126222
1753293021
1972683460
2038369834
75179447
820581293
369810417
586004101
610920365
619258248
1167620774
496782332
4234388
300398765
67989258
234159002
1320305310
422820719
324436310
340082437
1311533992
1179650736
820890848
1277534008
972569750
1481750933
1567560319
656900037
305492632
1928749694
230455593
1354136010
2079712811
1289375905
283353458
1350323207
274958553
1991075574
1916984664
64091907
1303373802
1470290814
83384869
1290155439
500079514
1732881087
359208595
642324448
146704067
344027313
1041071867
1745596560
1467282253
1058107670
303528883
1136274956
1948596368
933540226
495053400
1010845322
534195437
1741065199
470625571
621699896
1402209417
448129341
484684158
681170435
196178888
791172471
16977873
1879270107
1850691920
425956292
1484404193
1063744552
553324189
1115453013
2034034828
231177603
604056198
1217320417
427543550
244161988
1936766546
1825701043
1311081365
14799688
1777736811
482601766
42146443
1833147638
1911952004
1379521167
1378800757
8288122
1859513046
506249331
202296703
534074120
1849574027
964881464
1113746951
1277538205
1043108729
1619397842
11788416
559412188
357237150
1867986685
1188779302
1773360673
2094778045
1087693397
1482120115
1329951252
1480894388
56510386
582285528
389889717
903866622
2134480723
503188326
295593196
905169661
412337079
219557884
732450842
925036890
1460889597
990920628
667312311
1358406343
836755544
1627507452
1018533925
907527238
1381428072
1215898387
149805457
929481515
999774327
1295059761
1322640782
1020392977
2087843144
496929228
325631813
1105548535
925713901
2101995239
2127988723
913810323
1754538964
1438410991
1150111458
422967959
651615343
1679953748
2015135527
418205452
65055133
312444008
648925541
1569608121
714569899
1047738469
2122026730
1642325381
955363576
60393213
1416449507
1410637154
359184398
235645469
533552415
1671212680
1132893647
953510827
1133495475
331015788
1399703186
1275577864
307912247
1793029706
1959734038
1293282627
1519120702
428559331
136524079
1047660757
815921146
1503614727
1812642440
878472738
541234441
1934004842
506898502
375495465
1645325369
1984038011
1748263908
1200243502
1178641843
1044295373
88487080
1143669836
1680293002
1274526564
1966065970
339881401
80205587
1543054040
1096729108
873975955
125730205
23646787
147074414
125998401
236249665
2098339999
823912159
517100457
41061390
776531043
899116882
1762495482
2019622903
675606239
1168017184
716794261
1925368604
1386534432
1139145027
793755784
485046524
329004856
1961707414
100074707
475904948
1305359608
485993904
1219234987
393466835
894946732
394261136
1359861757
1675578525
1495206564
83083954
527644328
1158242233
1785433623
993902230
1386973244
2071807370
1566615132
1951011304
719180285
1225084679
2072476164
2069617655
1271297126
1375992679
57561410
1066976720
1189280590
1608573501
623199224
831611349
1068367967
949648802
648950710
1992623504
15756763
683427160
1617733964
2111761928
920489927
202010101
12121600
1864268382
972286544
1016874985
943010069
740914823
1445244855
42746768
1185391678
672138927
874962869
1680408274
1064419421
1158429237
633442557
1192617320
1854419789
803224812
717210242
326826683
1860375802
2121687541
236543152
588525067
31122987
1245516288
1869145107
1331025033
200578832
1726587281
1953393503
2102093232
1627473427
446675750
1823983985
369774970
2137730019
1427015023
744121865
1658908574
496214217
1193343818
1179769793
674398200
191858534
1193426791
426813357
856710119
1996600545
285891793
1062446612
213683079
778850969
1235407518
1622255830
801352498
1461483549
236053657
951517190
1986176768
1187130808
1984409426
1548184872
1431276652
1502360117
53764993
1685105611
555667441
1843783731
284140707
1696715268
258160763
990976801
1611411922
1083900737
15909258
1098926978
1306355046
36451194
602378163
931873583
401071910
2011907084
1992338773
1672733787
928335232
1061548769
156021307
172573762
1344294484
2029426148
82504135
1520044630
924631698
1093278594
863245626
169717050
576176134
788519815
530945068
799204591
1868832599
373670371
1035741569
206107601
159327396
2050920410
559312873
835533592
417513011
1312101128
2121570900
423641512
1234602379
975186539
364967069
788232851
2908414
1637073864
739946884
209479611
998124644
1486124991
2067909127
473354441
1388661399
379857397
1941872495
1742040006
1821821291
528598911
22049538
1219397882
983759453
568528318
1100695123
958797003
1931425980
113637808
797676873
1962279937
1132534180
1354399899
72444293
2095488249
139190143
759041818
1162971946
1820825075
965065775
2063978281
979618776
1843130330
39848335
1863552128
1819107448
14196197
224798162
758973661
17457247
1346174337
1411860814
1597885195
1373466630
551928807
1285587856
1042123325
90098343
306879666
1618310015
1056032850
1939251142
634633075
1874300523
2078755865
238370012
1227790029
296653380
1543812973
967214157
1664612556
1873759223
1571061353
1516720006
882250952
1764651376
1746511362
1809973938
1126116211
861777266
1260794294
948554309
1581159682
1588127396
582896009
2060309296
1592013644
1474556735
913758765
888003658
1813617003
78083903
243649404
1911701846
1470082955
884865950
617766175
1860153627
535075963
1507680152
1420763711
905019784
40837987
1316764116
1035515277
697785251
268517290
1106950683
869295220
913511999
1035574790
1698020242
716022311
1836106836
107585262
4267660
859601269
1196034714
1308502278
1765241066
920012957
775509899
916618850
1712812019
213315298
1040006643
1022245968
1018808176
1221896501
28376046
174835488
702417720
817012481
518329249
1366015711
2025868347
416084844
931218476
128106796
1312306078
1271198256
1861768236
1902005662
1715075639
1750754639
112286479
1708210487
184778266
306963100
873101606
462932091
166400356
667074898
1663173346
1307276870
497161633
2084179001
1190703590
1902614384
1208448058
1633661127
1364134594
474705986
481758097
894987089
1072541235
222803727
1598242968
944106500
1988761464
1678443540
255389788
1663840210
1777841883
101063223
2057507831
1752431623
380069156
1205938714
261305812
162724169
1158425752
574870162
313884881
1243357935
2100928235
1374721671
170566424
1966703070
310202866
1636757593
1866831128
1094685626
888912333
2053332199
292061303
1674186126
1715476688
2048734241
323592489
1190368419
564362681
1955794415
1652031923
884457798
200406452
976880268
914182961
1575014889
1391806501
1699979183
1427688993
1334117420
634719613
1181261042
2115500026
1469677250
508632956
1609176432
19242306
1282889892
794598964
1771470902
398167906
448952090
1427724719
1934564302
1319808134
656718275
1545585992
701573432
1659449594
999202769
278819043
302337947
447566427
1761206795
1835496964
594884793
1692339166
1870942094
1468214484
1693728558
1600133321
503014666
1671856870
1222376742
1657335592
1976393154
2110171129
2101218545
1958994547
1749559272
1496589780
1855958796
899511697
1955700246
69333540
1352670106
1064584400
1783747643
574923781
1215059414
1081571775
1675234217
3389302
1129423892
619397011
1352326868
1738234275
135926137
1735467798
884387432
1165248737
1432145766
1077173586
769315692
2037280504
1094162960
694399459
1345569615
1985716395
2039576385
1026329281
927573063
1136676268
103512564
273909078
1532418425
585090504
288481115
1631508526
1692591586
1818397740
971035723
1469162908
454021550
730793059
979965420
1226725097
1725694079
1973733018
350938317
1230199157
2132162030
187620721
835464051
1396221071
733729528
941076022
447641599
877138952
1746613256
1375022749
935817076
107365704
609123648
486606687
780860633
652092014
1101428657
402401059
728594210
531132276
1798125800
1710440016
1149250170
979686072
826690555
2116445442
179414786
357267914
237553586
391020129
575348283
1907213587
1197841587
1611845731
1932477659
609337585
1934762199
350895719
514254571
1602379269
1743440703
1741015653
1785389596
253940441
926985298
1995528148
1589468237
1643574226
469865021
724037928
1263111994
1247432563
1863724327
418288747
1464994198
1257472931
960981190
2133834890
386091330
1488885723
1222891617
1720905129
942745307
586027183
998859539
952603374
914318433
1704409146
720149489
334627131
1966002871
1426860155
288739036
1671419479
313597146
702363084
2046228876
1165595874
824026384
289396385
1982065887
815030545
1567669249
340202900
1188671986
2117184308
1860117413
2073910912
413623527
366052950
1858765642
829532185
483596971
1736171349
1971550854
182529968
1174524260
559554596
603204759
1939570673
1710023298
587921685
627499948
99435619
472171167
828728104
2001793133
1658372429
75159790
490206094
1146551966
728128031
1285996411
1466256269
994263758
1020723399
1198794757
451904745
1660873423
1307176655
960331775
1956535220
1217839676
564794975
631425085
1644703768
126724592
1703923567
1148957824
361194144
1801191786
1700859190
1185581113
1708489325
576241238
1882722743
1897086703
646510312
1779043611
971152896
1291005872
1908405063
1895625896
1864530827
1088232365
1950620703
596800219
1672649243
1654887871
1639735600
378587249
2069331529
757344738
557435797
1499771965
1651850916
2137240443
1788645779
1293516947
1162369648
287937177
1079477148
830576580
856874560
465393138
727027992
2124993761
2117091517
300579076
950992588
1759125542
1215616145
1848615104
2028131779
1950364469
585242675
698535465
2139945753
12150715
206120540
376793169
1981000027
80990701
1853563156
1438179510
1554577585
1499421693
59796706
2128374593
956676472
651399815
205058299
1851061505
195120446
181806953
1907713037
1002163149
641801822
2100347120
197856454
1068736822
706543846
1445335459
1565528196
862747128
381395752
2027201216
1342777657
158434876
2082722299
330233193
1131530903
1672192536
421464263
1148800435
2010924515
510687119
1773755621
142734493
199390152
1075795344
1227522515
95512876
1114622623
962571980
952955009
381796937
179982923
1316011885
1277670742
1123174441
811572757
1434684802
801078698
1154694243
136424162
1515839385
1114039334
1896651992
1930257123
1943494679
1088799083
738031894
236497386
1966819552
120432193
1174272277
619443609
2135499454
445131067
1632300568
2119539598
643287150
1294451052
1829486854
514697432
455609508
1649799401
2017166190
187820141
2039632344
1966832194
332906287
961065174
1397870331
535554937
967861582
1808466296
1556980881
1089428272
575393182
514347433
1015627256
1447265236
1787035530
2147349415
2038930070
901131311
1259265333
1021110546
1263123445
1439889520
229944597
1355760826
1470707912
651100014
1608753833
1506555501
1846107177
679591983
1584423535
609129945
592440366
1411043870
752409269
1358870547
48697584
269024781
1046417332
1392513641
699979281
636357501
791957247
321806223
1233366815
1683898861
1748656661
1358792232
879941026
1596430740
550761562
995053964
1416813759
1090169577
149604435
1845872055
1022863823
665678926
1823392059
1158692923
770245865
490828939
877289646
2131843667
1279344721
1340452083
1874701951
235621673
133613043
1514002586
307729599
870748417
1715073861
1720871793
382467155
706918614
1301610294
1895782916
208598673
1224585207
120301201
1120173380
1912348058
1593549804
1522994091
1104098844
183077381
1784959963
1623033198
981674592
2035491490
1090975720
813547954
272082429
896699740
1939779181
919449960
2050637555
100336182
575547979
968536965
274726495
238360415
1066493250
1653534888
374986789
1685942425
1735098457
1119324186
524846382
1377804045
436418714
1232671693
738401642
8401081
1610531312
1315873996
1107653966
1951954366
1536837790
1846914061
1355989489
1018879659
275827635
1565351219
35778336
31071992
388443323
216642781
1130438602
493758805
727423627
184496618
2015756105
110841663
1047508092
397564138
1038841549
767863933
1259887108
733864736
1066033231
364446496
628897028
2105322709
70718544
1008112217
1843539936
481645436
1148977309
688678539
1830831290
1635796814
751404004
1643250868
1477638056
1161913284
1207762017
840788275
686140665
2126455912
921659610
533519459
1117321188
1220197348
1535482633
545626832
594992734
1359019906
411490650
1026011210
2024204707
372574775
1949412420
1764024308
1944797721
1514189507
1301827199
1246337957
646550461
306344207
1208785190
857387710
499970600
2049847136
1848149578
646487238
1391238893
750126115
1640606915
2137876572
1742647647
1297025343
2145922751
1683308339
413687995
1449566626
1811791614
1611025685
1034866419
529847080
1672673098
2055818856
1283116209
303341489
134227645
1106200165
1140241076
2035182151
186882441
1312093973
2001316815
95346744
469925746
1744643003
473235283
1533456540
852820133
1042115253
2101915886
794302852
1089683812
575286668
871650282
1840333387
276267568
369370562
1783295704
1569119596
1093864812
2125876964
1928698809
1522715045
709140016
2129491709
404692261
582120578
1912542361
564233031
1924250512
1922115011
390488056
222731960
392054999
788539197
856698342
1798664506
27053523
1569511544
1238883907
2067867284
1917582787
1526810580
823320057
1303060378
497540940
2016740809
1628376262
588238066
1649948121
221735936
831748807
1231140926
780604437
641173136
123956106
271135952
21646330
885131967
793746600
330691036
236563616
932463515
1726124446
616976599
1474651677
361965312
1877310480
1127495636
423453124
215848910
672750587
417714254
399424935
101002023
1028919431
1510551173
281889777
372556757
1646583894
1661231216
878152665
1604218471
442654012
802626476
1398395325
769194507
524209
220446075
627891450
236958792
1131735606
817668563
807681188
453594029
2135382200
621926736
919742003
516553315
1582664031
1101917275
24669197
150850108
1307061696
1175699509
984611716
2007610677
649586675
1943869024
937964557
1840340519
396135092
643185544
1734242657
1768279115
440894972
1303212254
902637225
799358167
155017137
475357748
698503796
1607684870
720363536
1784631413
396060642
1539388041
1759309678
15422603
1509650981
184748362
1951850219
1933922808
1275636711
1296953776
943096182
40732367
1689092423
990023668
