1353963249
1323602331
1277844
1887638
1660760808
1561939997
685428651
897054849
1465645203
1461495731
440796531
1796198014
1522395419
1779636775
203042009
175530180
1640687929
1351995223
459244054
458588260
174076737
834991545
2044747317
2034837525
837204200
578134256
1486421564
609960597
1668306648
1683337704
907225550
605925150
416541976
24301412
411938554
2111482797
524102504
1760348381
293034748
855007065
1290659378
379847699
1778878209
338725129
2121578553
552265483
501650447
218264607
471180773
1363045322
1494664305
1706755176
1495170053
1616927224
1437784630
1360280366
121205400
1284660444
487495370
684570285
1502883016
252193898
1637608155
1129841133
1189515557
1262696576
707953178
1509658266
307187357
347221711
1042227878
1847320614
1746474819
1195795737
1586983133
678620591
290623720
1135048762
667306633
1262976197
1112576031
925238588
555860589
795054873
843998877
959637304
1021979358
832861200
599777254
168068960
794014915
545293947
1442645480
1452207730
1103669955
1564674546
1547837107
2028841238
989340000
2018984926
690545035
988774857
1110561113
1420250114
862929593
1300601360
2118498354
322968418
1439025357
738342585
1163313729
1122721015
1780776563
32106102
588860917
1380786643
1172819419
1971062967
572547747
2083245269
529855395
1812423303
1490404473
978719103
1754711748
47424385
345205658
1518163459
1520045406
937673930
1250739824
1614285132
2129300973
1493959603
600246897
1618907920
367603950
9135231
1064488480
171620203
350213900
1939824520
1681462533
1603481258
937217003
13618676
1255820950
1113423934
143558780
1168279879
836941832
463482574
828433549
1346174542
1415306249
1523252771
1156766310
601915879
1752200983
798669970
1473392040
666082723
20073650
222902971
1118753229
1666190318
473917746
118710299
151687230
344185621
1554270776
637850124
108668244
1026076958
981747696
1116666771
958829064
322791560
614056598
1790318751
1493869940
1240764503
1462789551
711192801
123427205
2119315080
1164780418
3559274
1838659649
63040413
810783320
1051519025
1237322012
1586901783
1458854788
1151624117
76424008
263081550
2090265324
404319195
754451257
1318824511
1304835690
270438666
1187262410
2048760593
766490553
1799809565
2092190960
556228742
540151403
911254352
1746007307
1928256141
525244910
1633413200
1492192799
970343127
566120171
1429157787
250334414
450031625
244116641
1174619517
13055348
377901842
1287114315
927515974
177181445
1476211373
805972220
1795739911
265509239
2090245054
63641305
172556929
1061382253
1652354189
2005815166
537204356
772359304
1651659860
1073645898
1609005592
1442901720
1463866116
1625151580
78098867
495149352
476026939
1208178698
1401494901
1324160811
797716616
482756891
501848671
