1402331728
356326671
1597951661
343077045
102303120
1421620240
268317158
2038299453
1039769627
1333685350
1962853711
38535563
1274629594
1550207533
1066401727
115307827
948398795
1114919531
1657737442
140351516
950885006
2098478515
1004466924
706642601
957627097
1596168661
440967103
368034324
799980108
2018044936
2072002281
547517015
151043710
265963216
1130301905
343775973
1111767781
225882720
1807270791
791481169
910297865
702715827
1532329536
1238616728
1872357125
1628320384
1796580167
1502789949
835500476
2008416046
1300521576
777568666
1158577467
977260520
862627384
516341991
178425210
905333258
1014428211
622268744
225419518
464685718
1722321934
1132666825
1436280767
1854658689
523449818
1528073014
566211825
822102918
173958028
987333029
500078034
1708006727
1055151240
6933754
571486540
1427408396
913090935
401203083
2069048048
287846865
1709087011
2031615252
367553064
1301377876
137017237
746232675
628070245
1094482710
1773470415
1791728192
1560024710
707454747
1722463037
1356701299
97368447
88949715
329241693
1647259579
132567129
1115195164
1995333979
473553501
439295525
191110289
1502574958
1517114033
1062211800
562165089
1528087670
812535217
430880846
499521038
936509543
1008240338
1849385936
2098603321
954597719
73536496
1124791247
67943788
1617428359
1270425987
1767145035
707765235
498383912
1152185684
924745989
866683784
2120263734
2076422667
1826500519
1862972615
669167045
318665976
2142326661
1373365825
1005182819
2001271631
1483422903
1751072698
1162936798
1230092639
341914004
2029909503
1763800679
333748765
88207391
737904107
236264924
207314365
1114057121
48114454
1205777106
1840127450
1110051703
1448530832
1583071032
1499932141
48961654
412281977
1440942217
742753900
142357289
302173465
1978084747
476003622
816289879
1258459317
359301516
56564048
1484182762
1637121029
1532649039
166052708
1266605903
1987502657
1996510761
924375752
1086561466
1785108621
1974044557
1292006996
1554426955
1115266930
1054021494
346645555
2096192221
1233429312
586802293
1141231427
1500142232
1432477444
209234791
1178402198
1311549152
1434444856
1063273570
1227464303
1264627439
947712914
324735799
1078626766
1570591835
67981921
110846043
1121122752
688574086
75289719
526439150
230168410
822418623
1185044669
1282409605
1312349943
2008437311
1657922431
1101977992
1045139816
1396138699
1496786971
875180639
1045501370
1030325836
1525679891
1147182857
594094833
1300383328
601518177
1510474410
1139217683
2014885176
505523489
887972091
1283070434
1681484711
1976226904
1463491026
1763464891
1132610790
494500522
308559364
1931706890
539924884
1399116813
10341441
2009907127
591316179
1844185784
598994537
2045329870
1088387561
264032581
894374165
1508545802
937357732
231367332
1645347854
214459759
947609847
739972377
637940462
1626979010
726943819
710298150
119413377
1230900941
1042143836
434826720
245832299
2092396112
1856734759
1056219956
788974390
1728536152
348330048
342695014
123959044
320514918
1005240150
817350101
1897741295
910819821
885295731
1398644501
662128245
129154961
1748946057
1927703510
1974593928
1935350805
1653662173
366782137
1229309669
67439096
1725004503
1121447421
1850318675
595278518
1867224300
1260276489
835740262
1743532054
1128868263
2018358643
902024889
1245245250
1608776735
1891469415
726031364
407052494
1595850963
1543867758
1887985652
156485092
1524957316
1887766714
771761420
192958060
345807450
895063368
207078741
1448891847
1208199196
1746004787
1885902501
1652188234
1364093128
1925270571
1886377448
1044687875
242817253
810641871
821669329
1476562293
261433719
164973471
307738820
1025725764
1521681079
511142630
839594410
2095688080
1350266113
1462863342
1951398138
778248382
1845146044
1705698828
920998393
157863575
1070800980
1039109000
967945596
1073005947
1590767370
2003266087
644506543
313952733
236262852
172490261
2088376824
876554400
511982380
2068370778
1789871857
425373423
278059498
421567014
728252845
1236261662
945468509
1257726610
929596849
790709218
821019290
1288775055
922285743
319518555
1439236385
2137606534
1499086275
864877321
1823811151
1759921226
1703775251
803694459
20632783
1030316714
1372366437
1388337879
1384907698
1715914100
810383137
768094285
836445878
717918284
1489470342
311164915
626045960
1432063067
1834735140
675810707
309543566
1293320728
12000562
1977466363
820241969
1109242890
739712623
567222278
624917313
1790245761
267127010
1362834840
104576978
983646000
809207394
334734507
1623187656
1430166551
24761786
1706993431
1204554544
619880739
892408776
688507584
1105074252
1544374108
1808275514
497991454
998595019
801783028
107466671
158592370
434756663
1215867947
1785684024
907424543
1802916854
629306008
389114981
767780552
2005986288
1265768163
792508359
994411019
1348255379
2028195356
871419461
108408487
955308353
1279743899
1606985788
1855794244
281369880
224582466
1428738283
1789665274
1248300236
1414318909
2108898567
40621834
1978847939
418069684
2078169651
1123289549
598709266
1545747467
1268000110
1797619589
1792486327
1417097773
1568625581
1380889295
750607936
1148637874
1426245435
694558231
1866566972
949983028
1971319798
594139070
2043874587
251766297
893369089
1796102646
2067029090
714958111
1129966612
1150957463
1756872112
1996923781
1423551951
522329230
2021703321
1281453213
270655128
530371950
1904228600
421288959
349949754
1795289992
1293655194
1338403330
1801048632
1442353559
840858777
1871067779
1433118632
248263272
