1044788124
1927702196
1952509530
130060903
1942727722
1083454666
1108728549
685118024
2118797801
1060806853
571540977
194847408
2035308228
158374933
1075260298
824938981
595028635
1962408013
1137623865
997389814
2020739063
107554536
1635339425
1654001669
1777724115
269220094
34075629
1478446501
1864546517
1351934195
1581030105
1557810404
2146319451
1908194298
500782188
657821123
753799505
1102246882
1269406752
1816731566
884936716
1807130337
578354438
892053144
1153851501
1004844897
616783871
382955828
330111137
1227619358
1723153177
70982397
1147722294
1070477904
2051621609
1606946231
1190959745
1912844175
1341853635
1808266298
343098142
456880399
1534827968
280090412
